1,0.023249967787198327
2,0.09273860720329333
3,0.07650211214142959
4,0.06815642788794095
5,0.06815642788794095
6,0.0016878513232206809
7,0.06718785297354661
8,0.04109125049234815
9,0.056451958642230404
10,0.11351823952768103
11,0.11351823952768103
12,0.0016878513232206809
13,0.05673873133747731
14,0.11351823952768103
15,0.023249967787198327
16,0.09273860720329333
17,0.10409310102715888
18,0.09245843527753747
19,0.09273860720329333
20,0.05867401899290262
21,0.019343129668123692
22,0.04109125049234815
23,0.07284536120131138
24,0.0016878513232206809
25,0.07284536120131138
26,0.05821328287426816
27,0.06718785297354661
28,0.0728173009472615
29,0.09273860720329333
30,0.10903688464285717
31,0.0728173009472615
32,0.10903688464285717
33,0.0728173009472615
34,0.18400164112258885
35,0.18400164112258885
36,0.05673873133747731
37,0.07650211214142959
38,0.06718785297354661
39,0.09245843527753747
40,0.07650211214142959
41,0.10903688464285717
42,0.07284536120131138
43,0.019343129668123692
44,0.07650211214142959
45,0.05821328287426816
46,0.047985120384681265
47,0.11351823952768103
48,0.07284536120131138
49,0.11351823952768103
50,0.05821328287426816
51,0.11351823952768103
52,0.019343129668123692
53,0.09273860720329333
54,0.056451958642230404
55,0.07650211214142959
56,0.07284536120131138
57,0.0364631876358925
58,0.055751194297955775
59,0.09273860720329333
60,0.0728173009472615
61,0.0516848613866232
62,0.10903688464285717
63,0.0016878513232206809
64,0.11351823952768103
65,0.056451958642230404
66,0.05673873133747731
67,0.023249967787198327
68,0.10903688464285717
69,0.05867401899290262
70,0.05673873133747731
71,0.05867401899290262
72,0.10409310102715888
73,0.047985120384681265
74,0.0364631876358925
75,0.055751194297955775
76,0.09273860720329333
77,0.0016878513232206809
78,0.055751194297955775
79,0.05867401899290262
80,0.055751194297955775
81,0.023249967787198327
82,0.0016878513232206809
83,0.09273860720329333
84,0.09273860720329333
85,0.0516848613866232
86,0.05547209896190357
87,0.11351823952768103
88,0.11351823952768103
89,0.0942237015834353
90,0.0016878513232206809
91,0.05673873133747731
92,0.06815642788794095
93,0.06815642788794095
94,0.0728173009472615
95,0.05821328287426816
96,0.05547209896190357
97,0.05867401899290262
98,0.18400164112258885
99,0.056451958642230404
100,0.055751194297955775
101,0.09245843527753747
102,0.10780616091399187
103,0.019343129668123692
104,0.07650211214142959
105,0.10409310102715888
106,0.0728173009472615
107,0.05867401899290262
108,0.056451958642230404
109,0.05547209896190357
110,0.023249967787198327
111,0.06815642788794095
112,0.04109125049234815
113,0.056451958642230404
114,0.09273860720329333
115,0.10780616091399187
116,0.07284536120131138
117,0.0942237015834353
118,0.0016878513232206809
119,0.06815642788794095
120,0.06815642788794095
121,0.0005879627857220034
122,0.019343129668123692
123,0.10903688464285717
124,0.10409310102715888
125,0.04109125049234815
126,0.0364631876358925
127,0.056451958642230404
128,0.06718785297354661
129,0.04109125049234815
130,0.09273860720329333
131,0.0005879627857220034
132,0.019343129668123692
133,0.0364631876358925
134,0.055751194297955775
135,0.05673873133747731
136,0.0005879627857220034
137,0.07284536120131138
138,0.06815642788794095
139,0.0516848613866232
140,0.0364631876358925
141,0.06718785297354661
142,0.10903688464285717
143,0.05867401899290262
144,0.09245843527753747
145,0.05673873133747731
146,0.09245843527753747
147,0.0005879627857220034
148,0.05867401899290262
149,0.055751194297955775
150,0.0005879627857220034
151,0.04109125049234815
152,0.05547209896190357
153,0.05821328287426816
154,0.055751194297955775
155,0.07284536120131138
156,0.0052227164634431516
157,0.09273860720329333
158,0.05673873133747731
159,0.047985120384681265
160,0.05547209896190357
161,0.0728173009472615
162,0.056451958642230404
163,0.10409310102715888
164,0.10780616091399187
165,0.05867401899290262
166,0.019343129668123692
167,0.056451958642230404
168,0.10780616091399187
169,0.05673873133747731
170,0.04109125049234815
171,0.0005879627857220034
172,0.0942237015834353
173,0.0016878513232206809
174,0.0728173009472615
175,0.11351823952768103
176,0.07284536120131138
177,0.023249967787198327
178,0.055751194297955775
179,0.0728173009472615
180,0.055751194297955775
181,0.09273860720329333
182,0.0005879627857220034
183,0.0364631876358925
184,0.05821328287426816
185,0.023249967787198327
186,0.047985120384681265
187,0.0728173009472615
188,0.09245843527753747
189,0.07650211214142959
190,0.023249967787198327
191,0.055751194297955775
192,0.07650211214142959
193,0.09273860720329333
194,0.0364631876358925
195,0.06718785297354661
196,0.0005879627857220034
197,0.05867401899290262
198,0.07284536120131138
199,0.09245843527753747
200,0.06718785297354661
201,0.056451958642230404
202,0.05867401899290262
203,0.06815642788794095
204,0.04109125049234815
205,0.04109125049234815
206,0.11351823952768103
207,0.10780616091399187
208,0.06718785297354661
209,0.0052227164634431516
210,0.07650211214142959
211,0.07284536120131138
212,0.023249967787198327
213,0.10780616091399187
214,0.056451958642230404
215,0.019343129668123692
216,0.047985120384681265
217,0.047985120384681265
218,0.055751194297955775
219,0.11351823952768103
220,0.11351823952768103
221,0.0728173009472615
222,0.06718785297354661
223,0.04109125049234815
224,0.047985120384681265
225,0.09245843527753747
226,0.05867401899290262
227,0.0052227164634431516
228,0.10903688464285717
229,0.0942237015834353
230,0.0728173009472615
231,0.06815642788794095
232,0.09273860720329333
233,0.10903688464285717
234,0.05821328287426816
235,0.10903688464285717
236,0.07650211214142959
237,0.056451958642230404
238,0.18400164112258885
239,0.09245843527753747
240,0.056451958642230404
241,0.11351823952768103
242,0.06815642788794095
243,0.09245843527753747
244,0.05867401899290262
245,0.10780616091399187
246,0.047985120384681265
247,0.055751194297955775
248,0.04109125049234815
249,0.0005879627857220034
250,0.10903688464285717
251,0.04109125049234815
252,0.10780616091399187
253,0.10903688464285717
254,0.10903688464285717
255,0.11351823952768103
256,0.10409310102715888
257,0.09245843527753747
258,0.019343129668123692
259,0.10780616091399187
260,0.04109125049234815
261,0.056451958642230404
262,0.023249967787198327
263,0.0052227164634431516
264,0.11351823952768103
265,0.07650211214142959
266,0.07650211214142959
267,0.11351823952768103
268,0.11351823952768103
269,0.0005879627857220034
270,0.11351823952768103
271,0.06718785297354661
272,0.0728173009472615
273,0.05673873133747731
274,0.11351823952768103
275,0.0052227164634431516
276,0.04109125049234815
277,0.05547209896190357
278,0.05673873133747731
279,0.10903688464285717
280,0.07650211214142959
281,0.023249967787198327
282,0.09273860720329333
283,0.05821328287426816
284,0.10903688464285717
285,0.056451958642230404
286,0.0005879627857220034
287,0.0052227164634431516
288,0.10903688464285717
289,0.0728173009472615
290,0.019343129668123692
291,0.07650211214142959
292,0.06815642788794095
293,0.047985120384681265
294,0.07284536120131138
295,0.05673873133747731
296,0.11351823952768103
297,0.0364631876358925
298,0.18400164112258885
299,0.05821328287426816
300,0.0516848613866232
301,0.0942237015834353
302,0.05867401899290262
303,0.04109125049234815
304,0.07650211214142959
305,0.0005879627857220034
306,0.05673873133747731
307,0.09273860720329333
308,0.05673873133747731
309,0.10780616091399187
310,0.0942237015834353
311,0.04109125049234815
312,0.056451958642230404
313,0.06718785297354661
314,0.0016878513232206809
315,0.0516848613866232
316,0.056451958642230404
317,0.0516848613866232
318,0.0516848613866232
319,0.0516848613866232
320,0.0942237015834353
321,0.10780616091399187
322,0.0364631876358925
323,0.0364631876358925
324,0.09273860720329333
325,0.06718785297354661
326,0.055751194297955775
327,0.05673873133747731
328,0.09245843527753747
329,0.0516848613866232
330,0.10903688464285717
331,0.0016878513232206809
332,0.11351823952768103
333,0.0728173009472615
334,0.05821328287426816
335,0.05867401899290262
336,0.09273860720329333
337,0.0005879627857220034
338,0.023249967787198327
339,0.0516848613866232
340,0.06718785297354661
341,0.023249967787198327
342,0.0728173009472615
343,0.10903688464285717
344,0.06815642788794095
345,0.05867401899290262
346,0.06815642788794095
347,0.10409310102715888
348,0.0728173009472615
349,0.18400164112258885
350,0.019343129668123692
351,0.07650211214142959
352,0.07284536120131138
353,0.10409310102715888
354,0.10903688464285717
355,0.0516848613866232
356,0.0364631876358925
357,0.0052227164634431516
358,0.0364631876358925
359,0.0052227164634431516
360,0.0728173009472615
361,0.05867401899290262
362,0.07650211214142959
363,0.0516848613866232
364,0.05821328287426816
365,0.05547209896190357
366,0.05821328287426816
367,0.05867401899290262
368,0.11351823952768103
369,0.10780616091399187
370,0.09245843527753747
371,0.07650211214142959
372,0.09273860720329333
373,0.09245843527753747
374,0.019343129668123692
375,0.0016878513232206809
376,0.019343129668123692
377,0.0364631876358925
378,0.0516848613866232
379,0.11351823952768103
380,0.10903688464285717
381,0.07650211214142959
382,0.06718785297354661
383,0.07284536120131138
384,0.019343129668123692
385,0.10409310102715888
386,0.023249967787198327
387,0.05673873133747731
388,0.06718785297354661
389,0.05821328287426816
390,0.047985120384681265
391,0.023249967787198327
392,0.04109125049234815
393,0.06718785297354661
394,0.18400164112258885
395,0.05547209896190357
396,0.09273860720329333
397,0.18400164112258885
398,0.056451958642230404
399,0.07650211214142959
400,0.047985120384681265
401,0.09273860720329333
402,0.11351823952768103
403,0.05673873133747731
404,0.09273860720329333
405,0.09273860720329333
406,0.06815642788794095
407,0.0016878513232206809
408,0.019343129668123692
409,0.05821328287426816
410,0.06815642788794095
411,0.06718785297354661
412,0.0364631876358925
413,0.0516848613866232
414,0.0005879627857220034
415,0.0364631876358925
416,0.055751194297955775
417,0.07650211214142959
418,0.0005879627857220034
419,0.019343129668123692
420,0.10903688464285717
421,0.0364631876358925
422,0.019343129668123692
423,0.07650211214142959
424,0.11351823952768103
425,0.05867401899290262
426,0.0016878513232206809
427,0.05821328287426816
428,0.047985120384681265
429,0.047985120384681265
430,0.10903688464285717
431,0.04109125049234815
432,0.056451958642230404
433,0.10409310102715888
434,0.06718785297354661
435,0.047985120384681265
436,0.06815642788794095
437,0.0516848613866232
438,0.0052227164634431516
439,0.0052227164634431516
440,0.18400164112258885
441,0.0052227164634431516
442,0.04109125049234815
443,0.05547209896190357
444,0.0942237015834353
445,0.0364631876358925
446,0.047985120384681265
447,0.023249967787198327
448,0.10409310102715888
449,0.0942237015834353
450,0.18400164112258885
451,0.047985120384681265
452,0.09273860720329333
453,0.019343129668123692
454,0.0728173009472615
455,0.0364631876358925
456,0.055751194297955775
457,0.0516848613866232
458,0.0728173009472615
459,0.05821328287426816
460,0.047985120384681265
461,0.023249967787198327
462,0.07284536120131138
463,0.11351823952768103
464,0.06815642788794095
465,0.09273860720329333
466,0.10780616091399187
467,0.05673873133747731
468,0.0005879627857220034
469,0.0052227164634431516
470,0.055751194297955775
471,0.0728173009472615
472,0.06815642788794095
473,0.07284536120131138
474,0.18400164112258885
475,0.047985120384681265
476,0.0005879627857220034
477,0.019343129668123692
478,0.0005879627857220034
479,0.0942237015834353
480,0.0364631876358925
481,0.056451958642230404
482,0.0364631876358925
483,0.07284536120131138
484,0.09245843527753747
485,0.05821328287426816
486,0.04109125049234815
487,0.09273860720329333
488,0.0364631876358925
489,0.04109125049234815
490,0.18400164112258885
491,0.055751194297955775
492,0.0016878513232206809
493,0.0728173009472615
494,0.06815642788794095
495,0.11351823952768103
496,0.0052227164634431516
497,0.0516848613866232
498,0.06718785297354661
499,0.07650211214142959
500,0.10409310102715888
